Hi
IT's
Me 
Akash
.
Screw
U
.
!
!
!

Hey There
Hello MFHeyHiHello
7
49
73
58
30
72
44
78
23
9
40
65
92
42
87
3
27
29
40
12
3
69
9
57
60
33
99
78
16
35
97
26
12
67
10
33
79
49
79
21
67
72
93
36
85
45
28
91
94
57
1
53
8
44
68
90
24
96
30
3
22
66
49
24
1
53
77
8
28
33
98
81
35
13
65
14
63
36
25
69
15
94
29
1
17
95
5
4
51
98
88
23
5
82
52
66
16
37
38
44
1
97
71
28
37
58
77
97
94
4
9
31
45
75
35
98
42
99
68
12
60
57
94
8
95
68
13
30
6
62
42
65
82
52
67
21
95
12
71
1
90
31
38
57
16
90
40
79
35
6
72
98
95
19
54
23
89
60
5
26
23
6
13
70
38
94
20
44
66
34
26
94
63
38
44
90
50
59
23
47
85
17
72
39
47
85
96
85
23
20
44
68
35
15
25
34
42
11
79
52
44
95
18
96
92
15
91
33
69
97
53
47
25
10
62
11
8
77
61
25
35
68
95
76
67
39
74
31
56
1
72
60
94
84
55
89
7
15
93
69
80
55
55
6
63
2
76
8
49
31
44
38
8
97
51
49
3
31
31
14
19
75
9
80
29
23
54
60
37
45
17
25